function [ Y, Fval, exitflag, output ] = cart_n_pendulum( Y0, x, theta, vx, vtheta, M, m, l, g, sigma, ulim, h, options )
%UNTITLED4 Summary of this function goes here
%   Detailed explanation goes here

rows = [   3,   7,   9,  10,  21,  24,   4,   8,  10,  12,  21,  24,   1,   7,   9,  10,  22,  24,   2,   8,  10,  12,  22,  24,   5,   7,   8,  23,   6,  23,   1,   3,   5,   2,   4,   5,  12,   1,   3,   1,   2,   3,   4,  12,  21,  39,   2,   4,   8,  10,  12,  13,  14,  15,  17,  22,  23,  24,  25,  26,  27,  28,  40,  41,  42,  12,  23,  24,  25,  26,  27,  28,  41,  42,  12,  23,  24,  25,  26,  27,  28,  41,  42,  12,  17,  25,  27,  28,  39,  42,  18,  26,  28,  30,  39,  42,  12,  15,  25,  27,  28,  40,  42,  16,  26,  28,  30,  40,  42,  19,  25,  26,  41,  20,  41,   1,   2,  11,   3,   4,  12,   5,   6,  12,  13,  14,   1,   2,   3,   4,  12,  13,  14,  12,  13,  14,  15,  17,  19,  12,  13,  14,  16,  18,  19,  30,  12,  13,  14,  15,  17,  12,  13,  14,  15,  16,  17,  18,  30,  39,  57,  16,  18,  26,  28,  30,  31,  32,  33,  35,  40,  41,  42,  43,  44,  45,  46,  58,  59,  60,  30,  41,  42,  43,  44,  45,  46,  59,  60,  30,  41,  42,  43,  44,  45,  46,  59,  60,  30,  35,  43,  45,  46,  57,  60,  36,  44,  46,  48,  57,  60,  30,  33,  43,  45,  46,  58,  60,  34,  44,  46,  48,  58,  60,  37,  43,  44,  59,  38,  59,  11,  15,  16,  29,  12,  17,  18,  30,  12,  13,  14,  19,  20,  30,  31,  32,  12,  13,  14,  15,  16,  17,  18,  30,  31,  32,  30,  31,  32,  33,  35,  37,  30,  31,  32,  34,  36,  37,  48,  30,  31,  32,  33,  35,  30,  31,  32,  33,  34,  35,  36,  48,  57,  75,  34,  36,  44,  46,  48,  49,  50,  51,  53,  58,  59,  60,  61,  62,  63,  64,  76,  77,  78,  48,  59,  60,  61,  62,  63,  64,  77,  78,  48,  59,  60,  61,  62,  63,  64,  77,  78,  48,  53,  61,  63,  64,  75,  78,  54,  62,  64,  66,  75,  78,  48,  51,  61,  63,  64,  76,  78,  52,  62,  64,  66,  76,  78,  55,  61,  62,  77,  56,  77,  29,  33,  34,  47,  30,  35,  36,  48,  30,  31,  32,  37,  38,  48,  49,  50,  30,  31,  32,  33,  34,  35,  36,  48,  49,  50,  48,  49,  50,  51,  53,  55,  48,  49,  50,  52,  54,  55,  66,  48,  49,  50,  51,  53,  48,  49,  50,  51,  52,  53,  54,  66,  75,  93,  52,  54,  62,  64,  66,  67,  68,  69,  71,  76,  77,  78,  79,  80,  81,  82,  94,  95,  96,  66,  77,  78,  79,  80,  81,  82,  95,  96,  66,  77,  78,  79,  80,  81,  82,  95,  96,  66,  71,  79,  81,  82,  93,  96,  72,  80,  82,  84,  93,  96,  66,  69,  79,  81,  82,  94,  96,  70,  80,  82,  84,  94,  96,  73,  79,  80,  95,  74,  95,  47,  51,  52,  65,  48,  53,  54,  66,  48,  49,  50,  55,  56,  66,  67,  68,  48,  49,  50,  51,  52,  53,  54,  66,  67,  68,  66,  67,  68,  69,  71,  73,  66,  67,  68,  70,  72,  73,  84,  66,  67,  68,  69,  71,  66,  67,  68,  69,  70,  71,  72,  84,  93, 111,  70,  72,  80,  82,  84,  85,  86,  87,  89,  94,  95,  96,  97,  98,  99, 100, 112, 113, 114,  84,  95,  96,  97,  98,  99, 100, 113, 114,  84,  95,  96,  97,  98,  99, 100, 113, 114,  84,  89,  97,  99, 100, 111, 114,  90,  98, 100, 102, 111, 114,  84,  87,  97,  99, 100, 112, 114,  88,  98, 100, 102, 112, 114,  91,  97,  98, 113,  92, 113,  65,  69,  70,  83,  66,  71,  72,  84,  66,  67,  68,  73,  74,  84,  85,  86,  66,  67,  68,  69,  70,  71,  72,  84,  85,  86,  84,  85,  86,  87,  89,  91,  84,  85,  86,  88,  90,  91, 102,  84,  85,  86,  87,  89,  84,  85,  86,  87,  88,  89,  90, 102, 111, 129,  88,  90,  98, 100, 102, 103, 104, 105, 107, 112, 113, 114, 115, 116, 117, 118, 130, 131, 132, 102, 113, 114, 115, 116, 117, 118, 131, 132, 102, 113, 114, 115, 116, 117, 118, 131, 132, 102, 107, 115, 117, 118, 129, 132, 108, 116, 118, 120, 129, 132, 102, 105, 115, 117, 118, 130, 132, 106, 116, 118, 120, 130, 132, 109, 115, 116, 131, 110, 131,  83,  87,  88, 101,  84,  89,  90, 102,  84,  85,  86,  91,  92, 102, 103, 104,  84,  85,  86,  87,  88,  89,  90, 102, 103, 104, 102, 103, 104, 105, 107, 109, 102, 103, 104, 106, 108, 109, 120, 102, 103, 104, 105, 107, 102, 103, 104, 105, 106, 107, 108, 120, 129, 147, 106, 108, 116, 118, 120, 121, 122, 123, 125, 130, 131, 132, 133, 134, 135, 136, 148, 149, 150, 120, 131, 132, 133, 134, 135, 136, 149, 150, 120, 131, 132, 133, 134, 135, 136, 149, 150, 120, 125, 133, 135, 136, 147, 150, 126, 134, 136, 138, 147, 150, 120, 123, 133, 135, 136, 148, 150, 124, 134, 136, 138, 148, 150, 127, 133, 134, 149, 128, 149, 101, 105, 106, 119, 102, 107, 108, 120, 102, 103, 104, 109, 110, 120, 121, 122, 102, 103, 104, 105, 106, 107, 108, 120, 121, 122, 120, 121, 122, 123, 125, 127, 120, 121, 122, 124, 126, 127, 138, 120, 121, 122, 123, 125, 120, 121, 122, 123, 124, 125, 126, 138, 147, 165, 124, 126, 134, 136, 138, 139, 140, 141, 143, 148, 149, 150, 151, 152, 153, 154, 166, 167, 168, 138, 149, 150, 151, 152, 153, 154, 167, 168, 138, 149, 150, 151, 152, 153, 154, 167, 168, 138, 143, 151, 153, 154, 165, 168, 144, 152, 154, 156, 165, 168, 138, 141, 151, 153, 154, 166, 168, 142, 152, 154, 156, 166, 168, 145, 151, 152, 167, 146, 167, 119, 123, 124, 137, 120, 125, 126, 138, 120, 121, 122, 127, 128, 138, 139, 140, 120, 121, 122, 123, 124, 125, 126, 138, 139, 140, 138, 139, 140, 141, 143, 145, 138, 139, 140, 142, 144, 145, 156, 138, 139, 140, 141, 143, 138, 139, 140, 141, 142, 143, 144, 156, 165, 183, 142, 144, 152, 154, 156, 157, 158, 159, 161, 166, 167, 168, 169, 170, 171, 172, 184, 185, 186, 156, 167, 168, 169, 170, 171, 172, 185, 186, 156, 167, 168, 169, 170, 171, 172, 185, 186, 156, 161, 169, 171, 172, 183, 186, 162, 170, 172, 174, 183, 186, 156, 159, 169, 171, 172, 184, 186, 160, 170, 172, 174, 184, 186, 163, 169, 170, 185, 164, 185, 137, 141, 142, 155, 138, 143, 144, 156, 138, 139, 140, 145, 146, 156, 157, 158, 138, 139, 140, 141, 142, 143, 144, 156, 157, 158, 156, 157, 158, 159, 161, 163, 156, 157, 158, 160, 162, 163, 174, 156, 157, 158, 159, 161, 156, 157, 158, 159, 160, 161, 162, 174, 183, 201, 160, 162, 170, 172, 174, 175, 176, 177, 179, 184, 185, 186, 187, 188, 189, 190, 202, 203, 204, 174, 185, 186, 187, 188, 189, 190, 203, 204, 174, 185, 186, 187, 188, 189, 190, 203, 204, 174, 179, 187, 189, 190, 201, 204, 180, 188, 190, 192, 201, 204, 174, 177, 187, 189, 190, 202, 204, 178, 188, 190, 192, 202, 204, 181, 187, 188, 203, 182, 203, 155, 159, 160, 173, 156, 161, 162, 174, 156, 157, 158, 163, 164, 174, 175, 176, 156, 157, 158, 159, 160, 161, 162, 174, 175, 176, 174, 175, 176, 177, 179, 181, 174, 175, 176, 178, 180, 181, 192, 174, 175, 176, 177, 179, 174, 175, 176, 177, 178, 179, 180, 192, 201, 219, 178, 180, 188, 190, 192, 193, 194, 195, 197, 202, 203, 204, 205, 206, 207, 208, 220, 221, 222, 192, 203, 204, 205, 206, 207, 208, 221, 222, 192, 203, 204, 205, 206, 207, 208, 221, 222, 192, 197, 205, 207, 208, 219, 222, 198, 206, 208, 210, 219, 222, 192, 195, 205, 207, 208, 220, 222, 196, 206, 208, 210, 220, 222, 199, 205, 206, 221, 200, 221, 173, 177, 178, 191, 174, 179, 180, 192, 174, 175, 176, 181, 182, 192, 193, 194, 174, 175, 176, 177, 178, 179, 180, 192, 193, 194, 192, 193, 194, 195, 197, 199, 192, 193, 194, 196, 198, 199, 210, 192, 193, 194, 195, 197, 192, 193, 194, 195, 196, 197, 198, 210, 219, 237, 196, 198, 206, 208, 210, 211, 212, 213, 215, 220, 221, 222, 223, 224, 225, 226, 238, 239, 240, 210, 221, 222, 223, 224, 225, 226, 239, 240, 210, 221, 222, 223, 224, 225, 226, 239, 240, 210, 215, 223, 225, 226, 237, 240, 216, 224, 226, 228, 237, 240, 210, 213, 223, 225, 226, 238, 240, 214, 224, 226, 228, 238, 240, 217, 223, 224, 239, 218, 239, 191, 195, 196, 209, 192, 197, 198, 210, 192, 193, 194, 199, 200, 210, 211, 212, 192, 193, 194, 195, 196, 197, 198, 210, 211, 212, 210, 211, 212, 213, 215, 217, 210, 211, 212, 214, 216, 217, 228, 210, 211, 212, 213, 215, 210, 211, 212, 213, 214, 215, 216, 228, 237, 255, 214, 216, 224, 226, 228, 229, 230, 231, 233, 238, 239, 240, 241, 242, 243, 244, 256, 257, 258, 228, 239, 240, 241, 242, 243, 244, 257, 258, 228, 239, 240, 241, 242, 243, 244, 257, 258, 228, 233, 241, 243, 244, 